-198,-197,-196,-195,-194,-193,-192,-191,-190,-189,-188,-187,-186,-185,-184,-183,-182,-181,-180,-179,-178,-177,-176,-175,-174,-173,-172,-171,-170,-169,-168,-167,-166,-165,-164,-163,-162,-161,-160,-159,-158,-157,-156,-155,-154,-153,-152,-151,-150,-149,-148,-147,-146,-145,-144,-143,-142,-141,-140,-139,-138,-137,-136,-135,-134,-133,-132,-131,-130,-129,-128,-127,-126,-125,-124,-123,-122,-121,-120,-119,-118,-117,-116,-115,-114,-113,-112,-111,-110,-109,-108,-107,-106,-105,-104,-103,-102,-101,-100,-99,-98,-97,-96,-95,-94,-93,-92,-91,-90,-89,-88,-87,-86,-85,-84,-83,-82,-81,-80,-79,-78,-77,-76,-75,-74,-73,-72,-71,-70,-69,-68,-67,-66,-65,-64,-63,-62,-61,-60,-59,-58,-57,-56,-55,-54,-53,-52,-51,-50,-49,-48,-47,-46,-45,-44,-43,-42,-41,-40,-39,-38,-37,-36,-35,-34,-33,-32,-31,-30,-29,-28,-27,-26,-25,-24,-23,-22,-21,-20,-19,-18,-17,-16,-15,-14,-13,-12,-11,-10,-9,-8,-7,-6,-5,-4,-3,-2,-1,0,-146.80515663381016
-144.1362586022747
-141.48692867070397
-138.85716683909777
-136.2469731074563
-133.65634747577937
-131.08528994406717
-128.53380051231957
-126.00187918053655
-123.48952594871821
-120.99674081686445
-118.52352378497537
-116.06987485305092
-113.6357940210911
-111.22128128909586
-108.8263366570653
-106.45096012499937
-104.09515169289807
-101.75891136076137
-99.4422391285893
-97.14513499638193
-94.86759896413912
-92.609631031861
-90.37123119954745
-88.15239946719859
-85.9531358348143
-83.7734403023947
-81.61331286993968
-79.47275353744934
-77.3517623049236
-75.25033917236249
-73.16848413976601
-71.10619720713416
-69.06347837446694
-67.04032764176435
-65.03674500902645
-63.05273047625312
-61.08828404344442
-59.14340571060035
-57.21809547772094
-55.312353344806155
-53.426179311855975
-51.559573378870454
-49.71253554584953
-47.88506581279327
-46.07716417970164
-44.28883064657464
-42.52006521341224
-40.770867880214524
-39.04123864698141
-37.33117751371293
-35.64068448040908
-33.969759547069856
-32.318402713695264
-30.6866139802853
-29.07439334683997
-27.481740813359266
-25.908656379843222
-24.35514004629178
-22.821191812704967
-21.306811679082813
-19.81199964542526
-18.336755711732366
-16.881079878004073
-15.444972144240438
-14.028432510441405
-12.63146097660703
-11.254057542737257
-9.896222208832171
-8.557954974891658
-7.239255840915803
-5.940124806904578
-4.660561872857983
-3.4005670387760176
-2.160140304658654
-0.9392816705059772
0.2620088636821265
1.4437312979055434
2.605885632164359
3.7484718664585444
4.8714900007881
5.974940035152997
7.058821969553293
8.123135803988959
9.167881538459966
10.193059172966372
11.198668707508133
12.18471014208528
13.151183476697767
14.098088711345653
15.025425846028867
15.933194880747479
16.82139581550146
17.6900286502908
18.53909338511552
19.3685900199756
20.17851855487106
20.968878989801865
21.739671324768054
22.490895559769612
23.22255169480654
23.93463972987884
24.627159664986507
25.300111500129546
25.953495235307955
26.58731087052172
27.201558405770868
27.796237841055373
28.371349176375247
28.926892411730492
29.462867547121107
29.97927458254709
30.476113518008447
30.95338435350517
31.411087089037267
31.84922172460473
32.26778826020757
32.66678669584576
33.04621703151933
33.40607926722826
33.746373402972566
34.067099438752244
34.368257374567285
34.6498472104177
34.91186894630348
35.15432258222463
35.37720811818115
35.58052555417304
35.7642748902003
35.928456126262915
36.07306926236091
36.198114298494275
36.30359123466301
36.38950007086711
36.45584080710658
36.50261344338142
36.529817979691636
36.537454416037214
36.525522752418155
36.49402298883447
36.44295512528615
36.3723191617732
36.28211509829562
36.17234293485342
36.04300267144657
35.894094308075104
35.725617844739006
35.53757328143827
35.3299606181729
35.1027798549429
34.85603099174828
34.58971402858902
34.30382896546513
33.99837580237661
33.673354539323455
33.32876517630567
32.96460771332326
32.58088215037622
32.17758848746455
31.75472672458823
31.312296861747292
30.850298898941723
30.368732836171525
29.867598673436696
29.34689641073723
28.806626048073134
28.246787585444412
27.66738102285106
27.06840636029307
26.44986359777045
25.8117527352832
25.15407377283132
24.476826710414812
23.780011548033666
23.063628285687894
22.327676923377492
21.572157461102453
20.797069898862787
20.002414236658492
19.18819047448956
18.354398612356
17.501038650257808
16.628110588194986
15.735614426167533
14.823550164175447
13.891917802218734
12.940717340297386
11.969948778411407
10.9796121165608
9.96970735474556
8.940234492965688
7.891193531221186
6.822584469512053
5.734407307838289
4.626662046199893
3.499348684596866
2.3524672230292087
1.1860176614969198
-0.0
0,1,2,3,4,5,6,7,8,9,10,11,12,13,14,15,16,17,18,19,20,21,22,23,24,25,26,27,28,29,30,31,32,33,34,35,36,37,38,39,40,41,42,43,44,45,46,47,48,49,50,51,52,53,54,55,56,57,58,59,60,61,62,63,64,65,66,67,68,69,70,71,72,73,74,75,76,77,78,79,80,81,82,83,84,85,86,87,88,89,90,91,92,93,94,95,96,97,98,99,100,101,102,103,104,105,106,107,108,109,110,111,112,113,114,115,116,117,118,119,120,121,122,123,124,125,126,127,128,129,130,131,132,133,134,135,136,137,138,139,140,141,142,143,144,145,146,147,148,149,150,151,152,153,154,155,156,157,158,159,160,161,162,163,164,165,166,167,168,169,170,171,172,173,174,175,176,177,178,179,180,181,182,183,184,185,186,187,188,189,190,191,192,193,194,195,196,197,198,-0.0-1.205585761461551-2.430739622887733-3.6754615842785463-4.93975164563399-6.223609806954066-7.527036068238772-8.85003042948811-10.192592890702079-11.554723451880678-12.93642211302391-14.337688874131771-15.758523735204264-17.19892669624139-18.658897757243142-20.138436918209532-21.637544179140548-23.156219540036194-24.694463000896477-26.252274561721386-27.82965422251093-29.4266019832651-31.043117843983904-32.67920180466734-34.33485386531541-36.010074025928105-37.70486228650543-39.41921864704739-41.15314310755398-42.9066356680252-44.67969632846106-46.47232508886154-48.28452194922666-50.1162869095564-51.96761996985077-53.83852113010979-55.72899039033343-57.6390277505217-59.5686332106746-61.51780677079213-63.486548430874294-65.47485819092108-67.48273605093252-69.51018201090858-71.55719607084926-73.62377823075457-75.70992849062453-77.8156468504591-79.94093331025832-82.08578787002216-84.25021052975063-86.43420128944375-88.63776014910148-90.86088710872386-93.10358216831085-95.36584532786247-97.64767658737874-99.94907594685964-102.27004340630515-104.61057896571532-106.9706826250901-109.35035438442952-111.74959424373355-114.16840220300224-116.60677826223555-119.06472242143349-121.54223468059607-124.03931503972326-126.55596349881509-129.09218005787156-131.64796471689266-134.2233174758784-136.81823833482875-139.43272729374374-142.06678435262336-144.7204095114676-147.3936027702765-150.08636412905-152.79869358778814-155.53059114649093-158.28205680515833-161.0530905637904-163.84369242238705-166.65386238094834-169.4836004394743-172.33290659796484-175.20178085642004-178.09022321483985-180.99823367322432-183.9258122315734-186.87295888988712-189.8396736481655-192.82595650640846-195.83180746461608-198.85722652278832-201.90221368092517-204.96676893902668-208.05089229709284-211.1545837551236-214.27784331311898-217.420670971079-220.5830667290037-223.76503058689298-226.96656254474692-230.18766260256547-233.42833076034864-236.68856701809645-239.96837137580889-243.26774383348598-246.58668439112768-249.925193048734-253.283269806305-256.6609146638406-260.0581276213409-263.4749086788057-266.9112578362352-270.36717509362927-273.8426604509881-277.33771390831146-280.8523354655995-284.38652512285216-287.9402828800694-291.51360873725133-295.1065026943979-298.718964751509-302.3509949085849-306.0025931656253-309.67375952263035-313.36449397960007-317.07479653653445-320.8046671934334-324.55410595029696-328.3231128071252-332.11168776391804-335.91983082067554-339.74754197739765-343.5948212340844-347.46166859073577-351.3480840473518-355.2540676039324-359.1796192604777-363.12473901698763-367.0894268734621-371.07368282990126-375.0775068863051-379.1008990426735-383.14385929900664-387.2063876553043-391.2884841115666-395.39014866779354-399.5113813239851-403.65218208014136-407.8125509362622-411.9924878923477-416.1919929483978-420.4110661044125-424.64970736039186-428.9079167163359-433.18569417224455-437.4830397281178-441.7999533839557-446.1364351397582-450.4924849955254-454.8681029512572-459.2632890069536-463.6780431626146-468.1123654182403-472.5662557738306-477.0397142293856-481.5327407849052-486.0453354403894-490.5774981958382-495.1292290512517-499.7005280066298-504.2913950619725-508.9018302172799-513.5318334725519-518.1814048277885-522.8505442829897-527.5392518381556-532.247527493286-536.9753712483813-541.7227831034411-546.4897630584654-551.2763111134545-556.0824272684082-560.9081115233265-565.7533638782094-570.618184333057-575.5025728878692-580.406529542646-585.3300542973875-590.2731471520935-595.2358081067642-600.2180371613997-605.2198343159996-610.2411995705643-615.2821329250935-620.3426343795874