0 0.0
0 0.0
0 0.0
0 0.0
0 0.0
0 0.0
0 0.0
0 0.0
0 0.0
0 0.0
0 0.0
0 0.0
0 0.0
0 0.0
0 0.0
0 0.0
15 0.0
16 -932.9633657791828
16 -932.9633657791828
16 -932.9633657791828
16 -932.9633657791828
16 -932.9633657791828
16 -932.9633657791828
16 -932.9633657791828
16 -932.9633657791828
16 -932.9633657791828
16 -932.9633657791828
16 -932.9633657791828
16 -932.9633657791828
16 -932.9633657791828
16 -932.9633657791828
16 -932.9633657791828
16 -932.9633657791828
16 -932.9633657791828
16 -932.9633657791828
16 -932.9633657791828
16 -932.9633657791828
16 -932.9633657791828
16 -932.9633657791828
16 -932.9633657791828
16 -932.9633657791828
16 -932.9633657791828
